1号线
苹果园 0(67, 41)古城 1(0, 34)八角游乐园 2(24, 69)八宝山 3(58, 78)玉泉路 4(64, 62)五棵松 5(45, 5)万寿路 6(27, 81)公主坟 7(91, 61)军事博物馆 8(42, 95)木樨地 9(36, 27)南礼士路 10(4, 91)复兴门 11(53, 2)西单 12(82, 92)天安门西 13(16, 21)天安门东 14(95, 18)王府井 15(26, 47)东单 16(38, 71)建国门 17(12, 69)永安里 18(99, 67)国贸 19(94, 35)大望路 20(11, 3)四惠 21(33, 22)四惠东 22(64, 73)
2号线*
积水潭 23(11, 41)鼓楼大街 24(68, 53)安定门 25(44, 47)雍和宫 26(57, 62)东直门 27(59, 37)东四十条 28(41, 23)朝阳门 29(78, 29)建国门 17(35, 16)北京站 30(42, 90)崇文门 31(6, 88)前门 32(42, 40)和平门 33(48, 64)宣武门 34(5, 46)长椿街 35(29, 90)复兴门 11(50, 70)阜成门 36(1, 6)车公庄 37(48, 93)西直门 38(23, 29)
4号线/大兴线
安河桥北 39(54, 84)北宫门 40(40, 56)西苑 41(76, 66)圆明园 42(8, 31)北京大学东门 43(39, 44)中关村 44(23, 26)海淀黄庄 45(38, 37)人民大学 46(82, 18)魏公村 47(41, 29)国家图书馆 48(15, 33)动物园 49(58, 39)西直门 38(30, 4)新街口 50(6, 77)平安里 51(86, 73)西四 52(45, 21)灵境胡同 53(72, 24)西单 12(29, 70)宣武门 34(73, 77)菜市口 54(12, 97)陶然亭 55(90, 86)北京南站 56(36, 61)马家堡 57(67, 55)角门西 58(74, 55)公益西桥 59(52, 31)新宫 60(50, 50)西红门 61(24, 41)高米店北 62(30, 66)高米店南 63(91, 7)枣园 64(37, 7)清源路 65(87, 57)黄村西大街 66(83, 53)黄村火车站 67(9, 45)义和庄 68(58, 9)生物医药基地 69(88, 21)天宫院 70(46, 22)
5号线
宋家庄 71(30, 6)刘家窑 72(68, 13)蒲黄榆 73(91, 0)天坛东门 74(55, 62)磁器口 75(59, 10)崇文门 31(37, 24)东单 16(83, 48)灯市口 76(41, 95)东四 77(50, 2)张自忠路 78(36, 91)北新桥 79(20, 74)雍和宫 26(21, 96)和平里北街 80(99, 48)和平西桥 81(84, 68)惠新西街南口 82(34, 81)惠新西街北口 83(99, 53)大屯路东 84(38, 18)北苑路北 85(88, 0)立水桥南 86(67, 27)立水桥 87(93, 28)天通苑南 88(83, 48)天通苑 89(21, 7)天通苑北 90(17, 10)
6号线
海淀五路居 91(14, 13)慈寿寺 92(16, 9)花园桥 93(51, 35)白石桥南 94(49, 0)车公庄西 95(56, 19)车公庄 37(3, 98)平安里 51(8, 24)北海北 96(9, 44)南锣鼓巷 97(2, 89)东四 77(85, 95)朝阳门 29(43, 93)东大桥 98(87, 23)呼家楼 99(3, 14)金台路 100(0, 48)十里堡 101(18, 58)青年路 102(96, 80)褡裢坡 103(81, 98)黄渠 104(98, 89)常营 105(57, 9)草房 106(22, 72)物资学院路 107(92, 38)通州北关 108(79, 38)通运门 109(57, 90)北运河西 110(91, 58)北运河东 111(88, 15)郝家府 112(11, 56)东夏园 113(34, 2)潞城 114(55, 72)
7号线
北京西站 115(46, 28)湾子 116(86, 62)达官营 117(33, 75)广安门内 118(42, 69)菜市口 54(16, 44)虎坊桥 119(98, 81)珠市口 120(51, 22)桥湾 121(99, 21)磁器口 75(76, 57)广渠门内 122(89, 92)广渠门外 123(12, 75)双井 124(10, 0)九龙山 125(69, 3)大郊亭 126(88, 61)百子湾 127(89, 1)化工 128(23, 55)南楼梓庄 129(85, 2)欢乐谷景区 130(85, 82)垡头 131(26, 88)双合 132(57, 17)焦化厂 133(32, 32)
8号线
朱辛庄 134(54, 69)育知路 135(89, 21)平西府 136(29, 76)回龙观东大街 137(92, 68)霍营 138(55, 25)育新 139(49, 34)西小口 140(12, 41)永泰庄 141(60, 45)林萃桥 142(53, 18)森林公园南门 143(23, 39)奥林匹克公园 144(96, 79)奥体中心 145(29, 87)北土城 146(37, 49)安华桥 147(49, 66)安德里北街 148(95, 93)鼓楼大街 24(16, 97)什刹海 149(5, 86)南锣鼓巷 97(82, 88)
9号线
郭公庄 150(34, 55)丰台科技园 151(1, 14)科怡路 152(71, 16)丰台南路 153(63, 86)丰台东大街 154(55, 13)七里庄 155(53, 85)六里桥 156(8, 12)六里桥东 157(45, 32)北京西站 115(56, 13)军事博物馆 8(58, 21)白堆子 158(82, 46)白石桥南 94(44, 81)国家图书馆 48(22, 96)
10号线*
巴沟 159(61, 29)苏州街 160(50, 35)海淀黄庄 45(66, 73)知春里 161(59, 44)知春路 162(39, 92)西土城 163(24, 53)牡丹园 164(10, 54)健德门 165(49, 45)北土城 146(13, 86)安贞门 166(22, 74)惠新西街南口 82(18, 68)芍药居 167(5, 87)太阳宫 168(91, 58)三元桥 169(25, 2)亮马桥 170(14, 77)农业展览馆 171(24, 14)团结湖 172(74, 34)呼家楼 99(59, 72)金台夕照 173(70, 33)国贸 19(97, 87)双井 124(77, 18)劲松 174(70, 73)潘家园 175(68, 63)十里河 176(85, 92)分钟寺 177(80, 2)成寿寺 178(27, 13)宋家庄 71(99, 2)石榴庄 179(25, 27)大红门 180(24, 43)角门东 181(72, 23)角门西 58(81, 61)草桥 182(32, 3)纪家庙 183(93, 5)首经贸 184(31, 25)丰台站 185(42, 92)泥洼 186(86, 22)西局 187(0, 64)六里桥 156(60, 87)莲花桥 188(74, 13)公主坟 7(70, 70)西钓鱼台 189(33, 35)慈寿寺 92(60, 11)车道沟 190(67, 96)长春桥 191(50, 85)火器营 192(94, 40)
13号线
西直门 38(24, 95)大钟寺 193(25, 19)知春路 162(94, 76)五道口 194(2, 58)上地 195(66, 71)西二旗 196(93, 78)龙泽 197(84, 51)回龙观 198(64, 18)霍营 138(52, 19)立水桥 87(87, 0)北苑 199(26, 60)望京西 200(57, 10)芍药居 167(15, 70)光熙门 201(27, 76)柳芳 202(58, 43)东直门 27(9, 64)
14号线
善各庄 203(86, 82)来广营 204(87, 65)东湖渠 205(74, 77)望京 206(27, 25)阜通 207(28, 29)望京南 208(20, 23)高家园 209(62, 2)将台 210(96, 23)东风北桥 211(61, 37)枣营 212(25, 95)朝阳公园 213(60, 64)金台路 100(16, 2)
15号线
俸伯 214(26, 30)顺义 215(71, 11)石门 216(47, 11)南法信 217(20, 53)后沙峪 218(24, 90)花梨坎 219(63, 88)国展 220(51, 40)孙河 221(29, 62)马泉营 222(13, 0)崔各庄 223(78, 58)望京东 224(7, 65)望京 206(0, 77)望京西 200(39, 58)关庄 225(60, 3)大屯路东 84(24, 57)安立路 226(8, 77)奥林匹克公园 144(87, 13)北沙滩 227(50, 1)六道口 228(28, 60)清华东路西口 229(84, 93)
八通线
四惠 21(40, 5)四惠东 22(4, 11)高碑店 230(56, 35)传媒大学 231(50, 72)双桥 232(85, 23)管庄 233(16, 56)八里桥 234(57, 26)通州北苑 235(57, 26)果园 236(71, 37)九棵树 237(61, 69)梨园 238(22, 96)临河里 239(12, 17)土桥 240(96, 17)
昌平线
南邵 241(41, 85)沙河高教园 242(29, 23)沙河 243(65, 29)巩华城 244(32, 59)朱辛庄 134(55, 96)生命科学园 245(62, 53)西二旗 196(34, 84)
亦庄线
宋家庄 71(72, 54)肖村 246(69, 57)小红门 247(63, 32)旧宫 248(83, 7)亦庄桥 249(35, 11)亦庄文化园 250(48, 67)万源街 251(38, 75)荣京东街 252(42, 23)荣昌东街 253(11, 54)同济南路 254(75, 41)经海路 255(25, 59)次渠南 256(70, 21)次渠 257(34, 26)亦庄火车站 258(83, 5)
房山线
苏庄 259(98, 50)良乡南关 260(1, 79)良乡大学城西 261(34, 93)良乡大学城 262(34, 37)良乡大学城北 263(93, 56)广阳城 264(5, 76)篱笆房 265(48, 62)长阳 266(0, 81)稻田 267(41, 13)大葆台 268(55, 55)郭公庄 150(62, 42)
机场线-
东直门 27(77, 11)三元桥 169(78, 24)3号航站楼 269(43, 52)2号航站楼 270(73, 96)
3号航站楼 2号航站楼 三元桥 东直门